avgindegree=1.1666666666666667
loops=0
maxindegree=4
minoutdegree=0
arcs=28
minindegree=0
nodes=24
maxoutdegree=3
avgoutdegree=1.1666666666666667
